# prueba

c <- c(1, 2, 3)

ejemplo <- c(1,2,3,4,5,6,7,8)
